1202
1551
1552
1553
1554
1555
2151
2152
2153
2154
2155
2156
2157
2158
2159
2160
2161
2162
2163
2164
2165
2166
2167
2168
2169
2170
2171
2172
2173
2174
2175
2176
2177
2178
2179
2180
2181
2182
2183
2184
2185
2186
2187
2188
2189
2190
2191
2192
2193
2194
2195
2200
2701
2702
2703
2704
2705
2706
2708
2709
2710
2711
2713
2715
2716
2717
2718
2719
2720
2722
2723
2724
2726
2728
2729
2730
2731
2732
2733
2734
2735
2736
2737
2738
2739
2740
2741
2742
2743
2744
2746
2747
2748
2749
2750
3051
3052
3053
3058
3059
3060
3063
3068
3069
3070
3071
3072
3073
3074
3075
3076
3078
3079
3082
3083
3084
3085
3086
3087
3088
3089
3090
3093
3095
3096
3097
3098
3099
3100
3451
3452
3453
3454
3455
3456
3457
3458
3459
3460
3461
3462
3463
3464
3465
3466
3467
3468
3469
3470
3471
3472
3473
3474
3477
3478
3479
3480
3481
3483
3484
3485
3486
3488
3490
3491
3492
3493
3494
3495
3496
3498
3499
3500
4051
4052
4053
4054
4055
4056
4057
4058
4059
4061
4062
4063
4064
4065
4066
4067
4068
4069
4070
4071
4072
4073
4074
4075
4076
4077
4078
4079
4080
4082
4085
4087
4088
4089
4090
4091
4092
4093
4094
4095
4096
4098
4099
4100
4601
4602
4603
4604
4606
5176
4607
4608
4609
4610
4611
4618
4619
4620
4621
4622
4623
4624
4628
4629
4630
4631
4632
4633
4634
4636
4637
4638
4640
4641
4642
4643
4644
4645
4646
4647
4648
4649
4650
5152
5153
5154
5155
5156
5158
5159
5160
5161
5162
5163
5164
5165
5166
5167
5168
5169
5170
5171
5172
5173
5174
5175
5177
5178
5179
5180
5181
5182
5183
5184
5185
5186
5187
5188
5189
5190
5191
5192
5193
5194
5196
5197
5198
5199
5200
6001
6002
6003
6005
6008
6009
6010
6011
6012
6013
6014
6015
6016
6017
6018
6019
6020
6021
6022
6023
6024
6025
6026
6027
6028
6029
6030
6031
6032
6033
6034
6035
6036
6037
32000
6038
6039
6040
6041
6042
6043
6044
6045
6046
6047
6048
6049
6050
6801
6802
6803
6804
6805
6806
6807
6808
6809
6810
6811
6812
6813
6814
6815
6816
6817
6818
6819
6820
6821
6822
6823
6824
6825
6826
6827
6828
6829
6830
6831
6832
6833
6834
6835
6841
6842
6843
6844
6845
6846
6847
6848
6849
32451
6850
7601
7602
7603
7605
7606
7607
7608
7609
7610
7611
7612
7613
7614
7615
7616
7617
7618
7619
7620
7621
7622
7623
7624
7625
7626
7627
7628
7629
7630
7631
7632
7633
7634
7635
7636
7637
7638
7639
7640
7641
7642
7643
7644
7645
7646
7647
7648
7649
7650
8851
8852
8853
8854
8855
8856
8857
8858
8859
8860
8862
8863
8864
8865
8866
8867
8868
8869
8870
8871
8872
8873
8874
8875
8876
8877
8878
8879
8880
8881
8882
8883
8884
8885
8886
8887
8888
8889
8890
8891
8892
8893
8894
8895
8896
8897
8898
8899
8900
10101
10102
10103
10104
10105
10106
10107
10109
10110
10111
10112
10113
10114
10115
10117
10118
10119
10120
10121
10122
10123
10124
10125
10126
10127
10128
10130
10132
10133
10134
10136
10137
10139
10140
10142
10144
10145
10147
10148
10149
10150
11801
11802
11803
11804
11805
11807
11808
11810
11811
11812
11813
11815
11816
11817
11819
11820
11821
11822
11823
11824
11825
11826
11828
11830
11831
11832
11833
11834
11835
11836
11837
11838
11839
11840
11841
11842
11843
11844
11845
11846
11847
11848
11849
11850
14051
14052
14053
14054
14055
14056
14057
14058
14059
14060
14061
14062
14063
14064
14065
14066
14067
14068
14069
14070
14071
14072
14073
14074
14075
14076
14077
14078
14079
14080
14081
14082
14083
14084
14085
14086
14087
14088
14089
14090
14091
14092
14093
14094
14095
14096
14097
14098
14099
14100
15751
15752
15753
15754
15755
15756
15757
15758
15759
15760
15761
15762
15764
15765
15767
15768
15769
15770
15771
15772
15773
15774
15775
15776
15777
15778
15779
15780
15781
15782
15783
15784
15785
15786
15790
15791
15792
15793
15794
15800
18107
18108
18110
18111
18112
18113
18114
18115
18116
18121
18129
18130
18953
18959
18961
18962
18963
18965
18966
18967
18968
18969
18970
18971
18972
18973
18974
18976
18977
18978
18979
18982
20263
20294
20296
20298
20300
20651
20652
20653
20654
20655
20656
20657
20658
20659
20660
20661
20662
20663
20664
20665
20666
20667
20668
20669
20670
20671
20672
20673
20674
20675
20676
20677
20678
20679
20680
20681
20682
20683
20684
20685
20686
20687
20688
20689
20690
20691
20692
20693
20694
20695
20696
20697
20698
20699
20700
22501
22502
22503
22504
22505
22506
22507
22508
22509
22510
22511
22512
22514
22519
22520
22521
22522
22523
22524
22525
0
22526
22527
22528
22529
22530
22531
22532
22533
22534
22535
22536
22537
22538
22539
22540
22541
22542
22543
22544
22545
22546
22547
22548
22549
22550
22851
22852
22853
22854
22869
22877
22878
22879
22880
22891
24552
24566
24567
24568
24570
24571
24572
24573
24584
24585
24586
24587
24588
24589
24590
24591
24592
24593
24594
0
0
0
0
0
0
0
0
0
0
0
27019
27035
27036
27037
27038
27039
27045
27046
27047
27048
27049
27050
27751
27752
27753
27754
27755
27756
27757
27758
27759
27760
27761
27762
27763
27764
27765
27766
27767
27768
27769
27770
27771
27772
27780
27781
27782
27783
27790
27792
27794
27795
27796
27797
27798
27799
27800
29252
0
0
0
0
0
0
0
0
0
0
0
0
29253
0
0
0
0
29254
29255
29256
29258
29261
29262
29277
29278
29279
29280
29281
29282
29283
29284
29285
29286
29287
29288
29289
29290
29291
29292
29293
29294
29295
29296
29297
29298
29299
29300
30101
30102
30103
30104
30105
30106
30107
30108
30109
30110
30111
30112
30113
30114
30115
30116
30117
30118
30119
30120
30121
30122
30123
30124
30127
30128
30129
30130
30131
30132
30133
30134
30135
30136
30137
30138
30139
30140
30141
30142
30143
30144
30145
30146
30147
30148
30149
31501
31502
31503
31504
31505
31506
31507
31508
31509
31510
31511
31512
31513
31514
31515
31516
31517
31518
31519
31522
31523
31524
31525
31526
31527
31528
31531
31532
31533
31534
31535
31537
31538
31539
31540
31541
31542
31545
31546
31547
31548
31549
31550
31951
31952
31953
31955
31956
31957
31958
31959
31960
31961
31962
31964
31966
31967
31968
31969
31970
31972
31973
31975
31976
31977
31978
31979
31980
31981
31982
31983
31984
31985
31986
31988
31989
31990
31991
31992
31993
31996
31997
31998
31999
32452
32453
32454
32455
32456
32457
32458
32459
32460
32461
32462
32464
32465
32466
32467
32468
32470
32471
32472
32473
32474
32475
32479
32480
32481
32482
32483
32484
32485
32486
32487
32488
32489
32490
32491
32492
32493
32495
32496
32500
33151
33152
33157
33158
33159
33160
33161
33164
33167
33168
33169
33170
33171
33172
33173
33174
33177
33178
33179
33180
33181
33182
33183
33184
33185
33186
33187
33188
33189
33190
33191
33192
33193
33194
33195
33196
33197
33198
33199
33200
34053
34055
34069
34070
34071
34074
34075
34077
34078
34079
34080
34081
34082
34083
34084
34085
34087
34090
34091
34092
34093
34094
34095
34096
34097
34098
34100
34901
34902
34903
34904
34905
34906
34907
34908
34909
34916
34917
34918
34921
34925
34926
34927
34928
34929
34931
34932
34933
34934
34935
34936
34937
34938
34939
34941
34944
34945
34946
34947
34948
34949
34950
36352
36353
36354
36355
36356
36357
36358
36359
36361
36362
36363
36364
36367
36368
36369
36370
36371
36372
36373
36374
36375
36376
36377
36378
36379
36380
36383
36384
36385
36386
36387
36388
36389
36390
36391
36392
36393
36394
36395
36396
36397
36398
36399
36400
38101
38102
38103
38104
38105
38106
38107
38108
38109
38110
38111
38112
38113
38115
38116
38117
38118
38120
38121
38125
38126
38127
38128
38129
38130
38131
38132
38133
38134
38135
38136
38137
38138
38139
38140
38141
38142
38143
38146
38149
38150
41401
41402
41403
41404
41405
41406
41407
41408
41409
41410
41411
41412
41413
41414
41415
41417
41418
41419
41420
41421
41422
41423
41424
41425
41426
41427
41428
41429
41430
41431
41432
41433
41434
41435
41436
41437
41438
41439
41440
41441
41443
41444
41445
41446
41447
41448
41449
41450
43051
43052
43053
43054
43055
43056
43057
43058
43059
43060
43061
43062
43063
43064
43065
43066
43067
43068
43069
43070
43071
43072
43073
43074
43075
43076
43077
43078
43079
43080
43081
43082
43083
43084
43085
43086
43087
43088
43089
43090
43091
43092
43093
43095
43097
43098
43099
43100
45802
45803
45804
45805
45807
45808
45809
45810
45811
45812
45813
45814
45815
45816
45817
45818
45819
45820
45821
45822
45823
45824
45825
45826
45827
45828
45829
45830
45831
45832
45833
45834
45836
49390
49391
49392
49393
49394
49395
49396
49397
49398
49399
49400
51051
51052
51053
51054
51055
51056
51057
51058
51059
51060
51061
51062
51063
51064
51065
51066
51067
51068
51069
51070
51071
51072
51073
51074
51075
51076
51077
51078
51079
51080
51081
51082
51083
51084
51085
51086
51087
51088
51089
51090
51091
51092
53105
53106
53107
53108
53109
53110
53111
53112
53113
53114
53115
53116
53117
53118
53119
53120
53121
53122
53123
62676
53124
53125
53126
53127
53132
53133
53134
53135
53136
53137
53138
53140
53141
53142
53143
53144
53145
53146
53147
53148
53149
53150
55151
55152
55153
55154
55155
55157
55158
55159
55160
55161
55165
55166
55168
55169
55171
55172
55173
0
0
0
0
0
0
0
0
0
0
0
0
0
55174
55175
55176
55177
55178
55179
55180
55181
55182
55183
55184
55185
55186
55187
55188
55189
55190
55191
55192
55193
55194
55195
55196
55197
55198
55199
55200
57551
57552
57553
57554
57555
57556
57557
57558
57560
57561
57562
57563
57564
57565
57566
57573
57574
57575
57576
57577
57578
57579
57580
57581
57582
57583
57584
57585
57586
57587
57588
67909
57589
57590
57591
57596
57597
57598
57599
57600
58601
58602
58603
58604
58605
58606
58607
58608
58614
58615
58616
58617
58618
58619
58620
58621
58622
58623
58624
58625
58626
58627
58628
58629
58630
58631
58632
58633
58634
58635
58636
58637
58638
58639
58640
58641
58642
58645
58646
58647
58648
58649
58650
60501
60502
60503
60504
60505
60506
60507
60508
60510
60511
60512
60513
60514
60515
60516
60517
60518
60519
60520
60521
60522
60523
60524
60525
60526
60527
60528
60529
60530
60531
60532
60533
60534
60535
60536
60537
60538
60539
60540
60542
60543
61557
0
0
0
0
0
0
0
61558
61559
61560
61561
61562
61563
61564
61571
0
61572
61573
61574
61575
61576
61577
61578
61579
61580
61581
61584
61574
0
61585
61586
61587
61588
61589
61595
62402
62405
62408
62409
62410
62412
62415
62417
62419
62420
62421
62422
62423
62424
62425
62426
62427
62428
62675
62429
62430
62431
62432
62433
62434
62435
62436
62669
62437
62438
1201
62439
62440
62441
62442
62443
62444
62445
62446
62447
62448
62449
62450
62651
62653
62655
62656
62657
62658
62659
62660
62661
62662
62663
62664
62665
62666
62667
62668
62670
62671
62672
62673
62674
62677
62678
62679
62680
62681
62682
62683
62684
62685
62686
62687
62688
62689
62690
62691
62692
62694
62695
62696
62697
62698
62699
62700
63451
63452
63453
63454
63455
63456
63457
63458
63459
63460
63461
63462
63463
63464
63465
63466
63467
63468
63469
63470
63471
63472
63473
67908
63474
63475
63476
63477
63478
63479
63480
63481
63482
63483
63484
63485
63486
63487
63488
63489
63490
63491
63492
63493
63494
63495
63496
63497
63498
63499
63500
64701
64702
64703
64704
64705
64706
64707
64708
64709
64710
64711
64712
64713
64714
64715
64716
64717
64718
64719
64720
64721
64722
64723
64724
64725
64726
64727
64728
64729
64730
64731
64732
64733
64734
64735
64736
64737
64738
64739
64740
64741
64742
64744
64745
64746
64747
64748
64749
64750
66751
66752
66753
66755
66758
66764
66765
66766
66767
66768
66774
66775
66776
66783
66784
66786
66788
66789
66791
66792
66794
66795
66797
66798
66799
67153
67154
67155
67156
67157
67158
67159
67160
67161
67162
67163
67164
67165
67166
67167
67168
67169
67170
67171
67172
67173
67174
67175
67176
67178
67179
67180
67181
67182
67186
67187
67191
67192
67193
67194
67195
67196
67197
67198
67199
67200
67901
67902
67903
67904
67905
67907
67910
67911
67912
67913
67914
67915
67916
67917
67918
67920
67921
67922
67923
67925
67926
67927
67928
67929
67930
67935
67937
67938
67939
67940
67941
67942
67943
67944
67945
67946
67947
67948
67949
67950
68802
68803
68804
68805
68806
69101
69102
69103
69104
69116
69117
69118
69119
69120
69121
69122
69123
69124
69125
69126
69127
69128
69131
69132
69133
69134
2151
2151
2151
5050
69135
69136
69137
69138
69139
69140
69141
70159
70168
70169
70170
70171
70172
70173
70174
70175
70176
70177
70178
70179
70180
70181
70182
70183
70184
70185
70186
70187
70188
70189
70190
70191
70192
70193
70195
70196
70197
70198
70199
71054
71055
71056
71057
71058
71060
71061
71062
71063
71064
71066
71067
71068
71069
71076
71077
71078
71079
71080
71081
71082
71083
71084
71085
71086
71087
71088
71089
71090
71091
71092
71093
71094
71095
71096
71097
71098
71099
71100
72451
72452
72453
72454
72455
72456
72458
72459
72460
72461
72462
72463
2151
2151
2151
2151
2151
2151
2151
2151
2151
2151
2151
2151
2151
72465
72466
72467
72468
72469
72470
72471
72472
72473
72474
72475
72476
72477
72478
72479
72480
72481
72482
72483
72484
72485
72486
72487
72489
72490
72491
72492
72493
72494
72495
72496
72497
72498
72499
74301
74302
74303
74304
74305
74306
74307
74308
74309
74310
74311
74312
74313
74314
74315
74316
74317
74319
74327
74328
74329
74330
74331
74332
74333
74334
74335
74336
74337
74338
74339
74340
74341
74342
74343
74344
74345
74346
74347
74348
74349
74350
74701
74702
74703
74704
74705
74707
74708
74710
74711
74713
74714
74715
74716
74717
74718
74719
74720
74721
74722
74723
74724
74725
74726
74727
74729
74731
74733
74734
74735
74736
74737
74738
74739
74740
74741
74742
74743
74744
74746
74747
74748
74749
74750
75151
75152
75153
75154
75155
75156
75157
75158
75159
75160
75161
75162
75163
75164
75165
75166
75167
75169
75170
75171
75172
75173
75174
75175
75176
75177
75178
75180
75181
75182
75183
75184
75185
75186
75187
75188
75189
75190
75191
75192
75193
75194
75195
75196
75197
75198
75199
75200
76301
76302
76303
76304
76305
76306
76307
76308
76309
76310
76311
76312
76313
76314
76315
76316
76317
76318
76319
76320
76321
76322
76323
76324
76325
76326
76327
76329
76330
76331
76332
76333
76334
76335
76336
76337
76338
76339
76340
76341
76342
76343
76344
76345
76346
76347
76348
76349
76350
78151
78152
78153
78154
78155
78156
78157
78158
78159
78160
78161
78162
78163
78164
78165
78166
78167
78168
78169
78170
78171
78172
78173
78174
78175
78176
78177
78178
78179
78180
78181
78182
78183
78184
78185
78186
78187
78188
78189
78190
78191
78192
78193
78194
78195
78196
78197
78198
78199
78200
80201
80202
80203
80204
80205
80206
80207
80208
80209
80210
80211
80212
80213
80214
80215
80216
80217
80218
80219
80220
80221
80222
80223
80224
80225
80226
80227
93697
80228
80229
80230
80231
80232
80233
80234
80235
80236
80237
80238
80239
80240
80241
80242
80243
80244
80245
80246
80247
80248
80249
80250
81301
81302
81303
81304
81305
81306
81307
81308
81309
81310
81311
81312
81313
81314
81315
81316
81317
81318
81319
81320
81321
81322
81323
81324
81325
81326
81327
81328
81329
81330
81331
81332
81333
81334
81335
81336
81337
81338
81339
81340
81341
81342
81343
81344
81345
81346
81347
81348
81349
81350
82351
82352
82353
82354
82355
82356
82357
82358
82359
82360
82361
82362
82363
82364
82365
82366
82367
82368
82369
82370
82371
82372
82373
82374
82375
82376
82377
82378
82379
82380
82381
82382
82383
82384
82385
82386
82387
82388
82389
82390
82391
82392
82393
82394
82395
82396
82397
82398
82399
82400
82751
82752
82753
82754
82755
82756
82757
82758
82759
82760
82761
82762
82763
82764
82765
82766
82767
82768
82769
82770
82771
82772
82773
82774
82775
82776
82777
82778
82779
82780
82781
82782
82783
82784
82785
82786
82787
82788
82789
82790
82791
82792
82793
82794
82795
82796
82797
82798
82799
82800
84301
84302
84303
84304
84305
84306
84307
84308
84309
84310
84311
84312
84313
84314
84315
84316
84317
84318
84319
84320
84321
84322
84323
84324
84325
84326
84327
84328
84329
84330
84331
84332
84334
84335
84336
84337
84338
84339
84340
84341
84342
84343
84344
84345
84346
84347
84348
84349
84350
85351
85352
85353
85354
85355
85356
85357
85358
85359
85360
85361
85362
85363
85364
85365
85366
85367
85368
85369
85370
85371
85372
85373
85374
85375
85376
85377
85378
85379
85380
85381
85382
85383
85384
85385
85386
85387
85388
85389
85390
85391
85392
85393
85394
85395
85396
85397
85398
85399
85400
86451
86452
86453
86454
86455
86456
86457
86458
86459
86460
86461
86462
86463
86464
86465
86466
86467
86468
86469
86470
86471
86472
86473
86474
86475
86476
86477
86478
86479
86480
86481
86482
86483
86484
86485
86486
86487
86488
86489
86490
86491
86492
86493
86494
86495
86496
86497
86498
86499
86500
87151
87152
87153
87154
87155
87156
87157
87158
87159
87160
87161
87162
87163
87164
87165
87166
87167
87168
87169
87170
87171
87172
87173
87174
87175
87176
87177
87178
87179
87180
87181
87182
87183
87184
87185
87186
87187
87188
87189
87190
87191
1202
1202
87192
87193
87194
87195
87196
87197
87198
87199
87200
89151
89152
89153
89154
89155
89156
89157
89158
89159
89160
89161
89162
89163
90651
90652
90653
90654
90655
90656
90657
90658
90659
90660
90661
90662
90663
90664
90665
90666
90667
90668
91101
91102
91103
91104
91105
91106
91107
91108
91109
91110
91111
91112
91113
91114
91115
91116
91117
91118
91119
91120
91121
91122
91123
91124
91125
91126
91127
91128
91129
91130
91131
91132
91133
91134
91135
91136
91137
91138
91139
91140
91141
91142
91143
91144
91145
91146
91147
91148
91149
91150
91851
91852
91853
91854
91855
91856
91857
91858
91859
91861
91863
91864
91865
91866
91867
91868
91869
91870
4321
1202
1202
1202
1202
1202
1202
91877
1202
1202
91871
91872
91873
91874
91875
91876
91878
91879
91880
91881
91882
91883
91884
91886
91887
91888
91889
91890
91891
91892
91893
91894
91895
91896
91897
91898
91899
91900
92951
92952
92953
92954
92955
92956
92957
92958
92959
92960
92961
92962
92963
92964
92965
92966
92967
92968
92969
92970
92971
92972
92973
92976
92977
1202
92978
92979
92980
92981
92982
92983
92984
92985
92986
92987
92988
92989
92990
92991
92992
92993
92994
92995
92996
92997
92998
92999
93000
93651
93652
93653
93654
93655
93656
93657
93658
93659
93660
93661
93662
93663
93664
93665
93666
93667
93668
93670
93671
93672
93673
93674
93675
93676
93677
93678
93679
93680
93681
93682
93683
93685
93686
93687
93688
93689
93690
93691
93692
93693
93694
93695
93696
93698
93699
94001
94002
94003
94004
94005
94006
94007
94008
94009
94010
94011
94012
94013
94014
94015
94016
94017
94018
94019
94020
94021
94022
94023
94024
94025
94026
94027
94028
94029
94030
94031
94032
94033
94034
94035
94036
94037
94038
94039
94040
94041
94042
94043
94044
94045
94046
94047
94048
94049
94050
94901
94902
94903
94901
94901
94901
94901
94904
94905
94906
94907
94908
94909
94910
94911
94912
94913
94914
94915
94916
94917
94918
94919
94920
94921
94923
94924
94925
94926
94927
94928
94929
94931
94932
94933
94934
94935
94936
94938
94939
94940
94941
94942
94944
94946
94947
94948
94949
94950
95951
95952
95953
95954
95956
95957
95958
95959
95960
95961
95962
95963
95964
95965
95966
95967
95968
95969
95970
95971
95972
95973
95974
95975
95976
95977
95978
95979
95980
95981
95982
95983
95984
95985
95986
95987
95988
95989
95990
95991
95992
95993
95994
95995
95996
95997
95998
95999
96000
96751
96752
96753
96754
96755
96756
96757
96758
96760
96761
96762
96763
96764
96765
96766
96768
96769
96770
96771
96772
96773
96774
96775
96776
96777
96778
96779
96780
96781
96782
96783
96784
96785
96786
96787
96788
96789
96790
96791
96792
96793
96794
96795
96796
96797
96798
96799
96800
98451
98452
98453
98454
98455
98456
98457
98458
98459
98460
98461
98462
98463
98464
98465
98466
98467
98468
98469
98470
98471
98472
98475
98476
98477
98479
98480
98490
98491
98499
98500
99101
99102
99103
99104
99105
99110
99113
99117
99118
99119
99120
99122
99123
99124
99125
99126
99653
99660
99670
99671
99672
99673
99674
99675
99676
99677
99678
99679
99680
99681
99682
99683
99684
99685
99686
99687
100052
100053
100054
100055
100056
100057
100058
100059
100060
100061
100062
100063
100064
100065
100066
100088
100089
100090
100092
100093
100094
100095
100096
100097
100098
100099
100100
100501
100502
100503
100504
100505
100506
100507
100508
100509
100521
100522
100523
100524
100525
100534
100535
100536
100537
100538
100539
100540
100541
100542
100543
100544
100545
100546
100547
100548
100549
100550
101251
101252
101253
101254
101255
101256
101257
101258
101259
101261
101262
101263
101264
101265
101267
101269
101270
101271
101272
101273
101274
101275
101276
101277
101278
101279
101280
101281
101282
101283
101284
101285
101286
101287
101288
101289
101290
